Left Sensor:
fx: 1401.1400
fy: 1401.1400
cx: 1150.3900
cy: 670.6210
K1: -0.1754
K2: 0.0275
P1: -0.0013
P2: -0.0006
K3: 0.0000

Right Sensor: 
fx: 1399.2200
fy: 1399.2200
cx: 1115.0000
cy: 600.0290
K1: -0.1711
K2: 0.0258
P1: -0.0010
P2: -0.0009
K3: 0.0000

Stereo: 
tx: 62.9976
ty: -0.0024
tz: 0.0022
rx: 0.0034
ry: 0.0000
rz: -0.0008